50 0.001 88 441 0.19954648526077098 206 1241 0.16599516518936341
50 0.001 84 441 0.19047619047619047 187 1241 0.1506849315068493
50 0.001 74 441 0.16780045351473924 188 1241 0.1514907332796132
50 0.001 85 441 0.1927437641723356 195 1241 0.1571313456889605
50 0.001 91 441 0.20634920634920634 233 1241 0.18775181305398872
50 0.001 77 441 0.1746031746031746 191 1241 0.15390813859790492
50 0.001 77 441 0.1746031746031746 186 1241 0.1498791297340854
50 0.001 73 441 0.1655328798185941 185 1241 0.14907332796132153
50 0.001 85 441 0.1927437641723356 184 1241 0.14826752618855762
50 0.001 83 441 0.18820861678004536 217 1241 0.17485898468976632
100 0.001 54 441 0.12244897959183673 109 1241 0.08783239323126511
100 0.001 60 441 0.1360544217687075 139 1241 0.11200644641418211
100 0.001 55 441 0.12471655328798185 146 1241 0.11764705882352941
100 0.001 57 441 0.1292517006802721 152 1241 0.12248186946011282
100 0.001 65 441 0.1473922902494331 155 1241 0.12489927477840451
100 0.001 42 441 0.09523809523809523 97 1241 0.0781627719580983
100 0.001 69 441 0.1564625850340136 180 1241 0.145044319097502
100 0.001 63 441 0.14285714285714285 161 1241 0.1297340854149879
100 0.001 61 441 0.1383219954648526 152 1241 0.12248186946011282
100 0.001 58 441 0.13151927437641722 149 1241 0.1200644641418211
150 0.001 42 441 0.09523809523809523 100 1241 0.08058017727639001
150 0.001 51 441 0.11564625850340136 134 1241 0.10797743755036261
150 0.001 36 441 0.08163265306122448 85 1241 0.0684931506849315
150 0.001 39 441 0.08843537414965986 95 1241 0.07655116841257051
150 0.001 40 441 0.09070294784580499 106 1241 0.0854149879129734
150 0.001 54 441 0.12244897959183673 125 1241 0.10072522159548751
150 0.001 40 441 0.09070294784580499 106 1241 0.0854149879129734
150 0.001 52 441 0.11791383219954649 132 1241 0.1063658340048348
150 0.001 43 441 0.09750566893424037 94 1241 0.0757453666398066
150 0.001 47 441 0.10657596371882086 104 1241 0.08380338436744561
