150 0.001 0.020634920634920638 0.006761021095635182 0.01909750201450443 0.010989966405999904
150 0.002 0.043083900226757364 0.003794376537569504 0.032070910556003224 0.007169371932162844
150 0.003 0.056235827664399086 0.005895691609977325 0.04367445608380339 0.011233928714161772
150 0.004 0.06961451247165533 0.01262735219258581 0.0525382755842063 0.0151001318233588
150 0.005 0.08888888888888888 0.01371085393000542 0.06728444802578566 0.016076704625844446
150 0.006 0.10090702947845805 0.011793563377728656 0.08678485092667203 0.009993566450569404
150 0.007 0.11882086167800451 0.012386848329929855 0.09218372280419017 0.01688419126989047
150 0.008 0.1310657596371882 0.008592877696823773 0.10668815471394037 0.010575361622254902
150 0.009 0.14444444444444443 0.00792353977762183 0.12683319903303786 0.012903903381844311
150 0.01 0.1380952380952381 0.013122572604290509 0.1145044319097502 0.015639406358649088
150 0.02 0.23446712018140592 0.015716755964774114 0.19589041095890408 0.014973392843490254
150 0.03 0.2863945578231293 0.010492276917241968 0.26333601933924256 0.01984563968265868
150 0.04 0.33106575963718826 0.021416270209737135 0.3255439161966156 0.01693334476913934
150 0.05 0.3514739229024944 0.012746910950163452 0.33231265108783237 0.021634539599674197
150 0.06 0.3868480725623583 0.01368833403427353 0.37872683319903305 0.022380409866167714
150 0.07 0.41224489795918373 0.014547859349066154 0.4039484286865432 0.018061647246374473
150 0.08 0.42063492063492064 0.011074027616394361 0.405157131345689 0.028156517365686973
150 0.09 0.44512471655328795 0.012297276066173469 0.4440773569701853 0.017482184702375204
150 0.1 0.456235827664399 0.012899285853358622 0.4571313456889605 0.022513617006490325
150 0.2 0.5612244897959184 0.008065042740942741 0.5660757453666398 0.020373403512925912
150 0.3 0.6256235827664399 0.009263808714655555 0.6176470588235294 0.021724541326269175
150 0.4 0.6696145124716553 0.009990199896558135 0.6703464947622885 0.013403707753901865
150 0.5 0.6945578231292516 0.009515707600162059 0.6914585012087027 0.018277495576147704
150 0.6 0.7197278911564625 0.012510761201028316 0.7057211925866237 0.018914212042305766
150 0.7 0.7575963718820862 0.0066071665688587225 0.7425463336019338 0.007173446339550699
150 0.8 0.7748299319727892 0.013185117242727109 0.7539887187751814 0.010026000543533607
150 0.9 0.7945578231292517 0.004778074264332313 0.7697824335213538 0.0036935267159922272
150 1.0 0.8140589569160998 0.0 0.7832393231265108 1.1102230246251565e-16
