100 0.001 0.03537414965986394 0.00674198129130091 0.02868654311039484 0.01627320620320946
100 0.002 0.05918367346938776 0.009095769215479175 0.047703464947622884 0.00743611409834606
100 0.003 0.08956916099773242 0.013577067918297235 0.06978243352135374 0.014767073249257447
100 0.004 0.10997732426303855 0.00806504274094274 0.10225624496373893 0.01932059939428023
100 0.005 0.1167800453514739 0.007871453495559991 0.09419822723609991 0.018940455945454373
100 0.006 0.1414965986394558 0.009305344457452694 0.10394842868654311 0.01612811795263078
100 0.007 0.15215419501133787 0.010010766464691208 0.11893634165995166 0.013779917139794165
100 0.008 0.18390022675736958 0.017073188647692576 0.1569701853344077 0.020897471215800743
100 0.009 0.18571428571428572 0.014500065558955251 0.14617244157937145 0.017768614281821395
100 0.01 0.19909297052154196 0.007642766234173571 0.15592264302981468 0.015256064313769331
100 0.02 0.30340136054421774 0.011817518567614862 0.2783239323126511 0.020585672653454654
100 0.03 0.34693877551020413 0.01419725699999866 0.33698630136986296 0.01777811289407798
100 0.04 0.38798185941043084 0.00964452168622981 0.38082191780821917 0.019339914036153295
100 0.05 0.4238095238095238 0.01526028241123922 0.4160354552780016 0.024744937862642046
100 0.06 0.4582766439909297 0.015361033609469346 0.43626107977437545 0.02705190686008997
100 0.07 0.4795918367346939 0.011923643378807178 0.4766317485898469 0.019860194009531672
100 0.08 0.4920634920634921 0.012584523288445898 0.48638195004029006 0.026880948095439883
100 0.09 0.5179138321995465 0.016295006098160262 0.5145850120870266 0.022447618455499637
100 0.1 0.5337868480725625 0.00952380952380954 0.5306204673650282 0.017859919628768338
100 0.2 0.646485260770975 0.0128453596718989 0.644238517324738 0.02657497108089808
100 0.3 0.7079365079365079 0.01043083900226757 0.6945205479452053 0.01461791934559279
100 0.4 0.7458049886621316 0.01051186121224422 0.728283642224013 0.014127063336542225
100 0.5 0.7775510204081634 0.00863168540166634 0.7534246575342466 0.007207310161159706
100 0.6 0.8058956916099774 0.011747695099309417 0.7742143432715552 0.008840346915005638
100 0.7 0.8276643990929706 0.006493342885839628 0.7912167606768735 0.005793372914752171
100 0.8 0.8498866213151928 0.0069374415150922145 0.8058823529411765 0.004999219135937522
100 0.9 0.8655328798185942 0.004308390022675734 0.8178082191780822 0.003855237296988107
100 1.0 0.8752834467120183 1.1102230246251565e-16 0.8251410153102336 0.0
