50 0.001 0.056235827664399086 0.00553585288695406 0.046414182111200644 0.00692427109071421
50 0.002 0.10476190476190476 0.009873714765114394 0.07969379532634972 0.010759490612861187
50 0.003 0.14081632653061227 0.011932264958660196 0.11023368251410152 0.01675525232989214
50 0.004 0.17006802721088438 0.015578742890991083 0.14456083803384365 0.024048019562506146
50 0.005 0.20634920634920637 0.013144105892235318 0.17880741337630943 0.017102940938001708
50 0.006 0.21927437641723357 0.011294702408537204 0.19726027397260276 0.023303698106139532
50 0.007 0.2492063492063492 0.013994806461867999 0.22796132151490736 0.024962823337831796
50 0.008 0.2673469387755102 0.015361033609469341 0.23295729250604352 0.018492931238702274
50 0.009 0.2863945578231292 0.012708531763448563 0.25382755842062854 0.023334884066036152
50 0.01 0.2913832199546485 0.014350355856958494 0.26027397260273977 0.014783772620229473
50 0.02 0.3947845804988662 0.011932264958660194 0.37743755036261073 0.025971829926528366
50 0.03 0.46439909297052157 0.014044319788845377 0.4540692989524578 0.01398594275399661
50 0.04 0.4981859410430839 0.011564625850340135 0.4905721192586624 0.032786924524203905
50 0.05 0.5387755102040817 0.012092781520157275 0.532232070910556 0.01933672425183157
50 0.06 0.5691609977324263 0.012420012641840516 0.5697018533440774 0.024478342742552235
50 0.07 0.5981859410430839 0.019208905745621188 0.5900080580177276 0.02602328060987145
50 0.08 0.6074829931972789 0.01692193488145635 0.5933118452860595 0.028874363634536004
50 0.09 0.6278911564625852 0.01722311415125465 0.6221595487510073 0.021448408914230693
50 0.1 0.6426303854875284 0.012092781520157247 0.6306204673650282 0.018963582169322167
50 0.2 0.7442176870748299 0.008592877696823762 0.7187751813053989 0.016844919387886292
50 0.3 0.809297052154195 0.01331704930614606 0.7726027397260273 0.010797743755036279
50 0.4 0.8594104308390023 0.010140897857141926 0.8097502014504432 0.007766273843056891
50 0.5 0.8784580498866212 0.007326754839638794 0.8248992747784044 0.006426742749908269
50 0.6 0.8977324263038551 0.005014363806688448 0.8398066075745367 0.002900886381950052
50 0.7 0.9156462585034013 0.007368742317130115 0.8534246575342467 0.005152722732876109
50 0.8 0.9256235827664397 0.006234796863885494 0.8603545527800162 0.004573235656297427
50 0.9 0.9346938775510203 0.004947261729993514 0.8666398066075747 0.0035354409296503454
50 1.0 0.9410430839002266 1.1102230246251565e-16 0.871071716357776 0.0
