50 0.01 197 441 0.4467120181405896 486 1241 0.39161966156325545
50 0.01 187 441 0.42403628117913833 485 1241 0.39081385979049155
50 0.01 180 441 0.40816326530612246 432 1241 0.34810636583400484
50 0.01 194 441 0.4399092970521542 545 1241 0.4391619661563255
50 0.01 197 441 0.4467120181405896 508 1241 0.40934730056406127
50 0.01 191 441 0.4331065759637188 471 1241 0.37953263497179696
50 0.01 189 441 0.42857142857142855 466 1241 0.37550362610797744
50 0.01 198 441 0.4489795918367347 457 1241 0.3682514101531023
50 0.01 190 441 0.4308390022675737 468 1241 0.37711522965350525
50 0.01 189 441 0.42857142857142855 492 1241 0.3964544721998388
100 0.01 145 441 0.3287981859410431 328 1241 0.26430298146655923
100 0.01 142 441 0.3219954648526077 392 1241 0.3158742949234488
100 0.01 158 441 0.35827664399092973 425 1241 0.3424657534246575
100 0.01 135 441 0.30612244897959184 312 1241 0.25141015310233683
100 0.01 143 441 0.3242630385487528 350 1241 0.28203062046736505
100 0.01 147 441 0.3333333333333333 367 1241 0.29572925060435135
100 0.01 149 441 0.3378684807256236 397 1241 0.31990330378726833
100 0.01 150 441 0.3401360544217687 407 1241 0.3279613215149073
100 0.01 152 441 0.34467120181405897 422 1241 0.34004834810636586
100 0.01 144 441 0.32653061224489793 384 1241 0.30942788074133765
150 0.01 115 441 0.26077097505668934 274 1241 0.22078968573730862
150 0.01 125 441 0.2834467120181406 308 1241 0.24818694601128122
150 0.01 109 441 0.2471655328798186 292 1241 0.23529411764705882
150 0.01 119 441 0.2698412698412698 317 1241 0.25543916196615635
150 0.01 108 441 0.24489795918367346 252 1241 0.20306204673650283
150 0.01 107 441 0.24263038548752835 245 1241 0.19742143432715553
150 0.01 120 441 0.272108843537415 324 1241 0.2610797743755036
150 0.01 122 441 0.2766439909297052 313 1241 0.25221595487510073
150 0.01 123 441 0.2789115646258503 305 1241 0.24576954069298954
150 0.01 129 441 0.2925170068027211 356 1241 0.2868654311039484
