2049
2050
2051
2052
2054
2056
2058
2059
2061
2062
2064
2067
2070
2082
2086
2088
2091
2092
2101
2103
2104
1007
1009
1010
1027
1028
1031
1035
1043
1045
1046
1049
1054
1065
1068
1069
1070
1071
1072
1073
1075
1076
1078
1080
1081
1083
1084
1092
1094
1102
1132
1137
1143
1148
1149
1150
1155
1166
1168
1173
1179
1184
1185
1187
1192
1199
1203
1205
1207
1208
1209
1213
1218
1219
1220
1221
1222
1223
1224
1227
1231
1232
1234
1238
1240
1242
1246
1249
1252
1254
1262
1263
1268
1270
1271
1286
1287
1289
1290
1296
1299
1301
1302
1303
1305
1306
1317
1319
1323
1324
1326
1327
1341
1346
1348
1350
1351
1356
1357
1361
1364
1365
1366
1369
1383
1427
1428
1446
1449
1455
1456
1472
1482
1486
1492
1507
1510
1512
1513
1514
1516
1518
1520
1523
1525
1526
1527
1528
1529
1530
1532
1534
1535
1536
1538
1539
1547
1551
1552
1554
1555
1556
1558
1559
1560
1563
1565
1567
1568
1569
1571
1573
1576
1577
1580
1592
1594
1596
1597
1604
1605
1609
1610
1611
1612
1614
1616
1617
1620
1624
1629
1631
1634
1636
1641
1643
1645
1648
1651
1664
1665
1666
1667
1671
1672
1673
1677
1679
1680
1682
1683
1684
1685
1686
1687
1688
1689
1691
1692
1695
1696
1697
1699
1700
1701
1703
1704
1705
1709
1713
1725
1727
1728
1729
1733
1735
1737
1739
1742
1744
1746
1747
1750
1751
1752
1754
1760
1767
1776
1778
1780
1781
1782
1786
1787
1794
1795
1800
1801
1805
1813
1816
1817
1818
1819
1821
1823
1825
1827
1828
1829
1832
1833
1834
1836
1839
1842
1843
1844
1850
1855
1856
1858
1860
1861
1862
1863
1866
1868
1873
1874
1875
1880
1883
1884
1885
1886
1887
1888
1890
1892
1894
1895
1897
1898
1899
1902
1904
1908
1912
1914
1915
1916
1917
1918
1919
1921
1922
1923
1924
1925
1928
1931
1932
1933
1934
1935
1938
1939
1940
1941
1943
1948
1949
1950
1951
1956
1957
1958
1959
1963
1964
1965
1967
1968
1969
1970
1971
1975
1976
1980
1986
1989
1992
1993
1996
1997
1998
1999
2011
2014
2020
2023
2027
2040
2041
2042
2044
